ID: 1 | Name: Hensi | City: Morbi | Created At: 2025-10-08 15:58:03.782107
ID: 2 | Name: Hima | City: Ahmdabad | Created At: 2025-10-08 15:58:13.469220
ID: 3 | Name: Mahavir | City: Gungan | Created At: 2025-10-08 15:58:32.857659
